mode: "single_AMR" # double_AMR
tag_location: [4.68, 1.21, 0,0]
wait_location: [3.0, 2.1, 3.1415926]
goal_location: [3.84, 0.364, 3.1415926]
home_location: [3.3, 2.76, 1.57]