mode: "single_AMR" # double_AMR
tag_location: [1.23, 1.33, 3.1415926]
wait_location: [3.0, 2.1, 3.1415926]
goal_location: [2.0, 2.15, 3.1415926]
home_location: [2.38, 2.76, 0.0]