mode: "single_AMR" # double_AMR
tag_location: [1.74, 0.08, 3.1415926]
wait_location: [3.0, 2.1, 3.1415926]
goal_location: [0.6, 3.0, 3.1415926]
home_location: [5.4, 2.1, 0.0]