single_AMR:
  # Location of shelf tags
  shelf_location_car1: [4.68, 1.21, 0,0]
  shelf_location_car2: [1.23, 1.33, 3.1415926]
  # first spot Assembled AMR need to go 
  wait_location_car1: [3.0, 2.1, 3.1415926]
  wait_location_car2: [3.0, 2.1, 3.1415926]
  # Final goal 
  goal_location_car1: [3.84, 0.364, 3.1415926]
  goal_location_car2: [2.37, 1.24, 3.1415926]
  # Return home location
  home_location_car1: [3.3, 2.76, 1.57]
  home_location_car2: [2.5, 2.0, 1.57]

double_AMR:
  shelf_location_car1: [1.23, 1.33, 3.1415926]
  shelf_location_car2: [1.23, 1.33, 3.1415926]

  # Car2 is dummy
  wait_location_car1: [3.0, 2.1, 3.1415926]
  wait_location_car2: [3.0, 2.1, 3.1415926]

  # Car2 is dummy
  goal_location_car1: [2.37, 1.24, 3.1415926]
  goal_location_car2: [2.37, 1.24, 3.1415926]

  home_location_car1: [2.38, 2.76, -1.5708]
  home_location_car2: [2.38, 2.76, -1.5708]