single_AMR:
  # Location of shelf tags
  shelf_location_car1: [4.68, 1.21, 0,0]
  shelf_location_car2: [1.23, 1.33, 3.1415926]
  # first spot Assembled AMR need to go 
  wait_location_car1: [3.0, 2.13, 3.1415926]
  wait_location_car2: [3.0, 0.5, 0.0]
  # Final goal 
  goal_location_car1: [0.7, 1.26, 3.1415926]
  goal_location_car2: [4.65, 1.24, 0.0]
  # Return home location
  home_location_car1: [3.5, 2.78, -1.57]
  home_location_car2: [2.2, 2.78, -1.57]

double_AMR:
  shelf_location_car1: [1.23, 1.33, 3.1415926]
  shelf_location_car2: [1.23, 1.33, 3.1415926]

  # Car2 is dummy, wait_location_dummy
  wait_location_car1: [3.0, 2.1, 3.1415926]
  wait_location_car2: [3.0, 2.1, 3.1415926]

  # Car2 is dummy
  goal_location_car1: [0.7, 1.26, 3.1415926]
  goal_location_car2: [0.7, 1.26, 3.1415926]

  home_location_car1: [3.5, 2.78, -1.57]
  home_location_car2: [2.2, 2.78, -1.57]